10000100 00100001 00001000 01000010 00010000     00000000 0
10000100 00100001 00001000 01000010 00000001     00000001 1
10000100 00100001 00001000 01000000 00110000     00000010 2
10000100 00100001 00001000 01000000 00100001     00000011 3
10000100 00100001 00001000 00000110 00010000     00000100 4
10000100 00100001 00001000 00000110 00000001     00000101 5
10000100 00100001 00001000 00000100 00110000     00000110 6
10000100 00100001 00001000 00000100 00100001     00000111 7
10000100 00100001 00000000 11000010 00010000     00001000 8
10000100 00100001 00000000 11000010 00000001     00001001 9
10000100 00100001 00000000 11000000 00110000     00001010 10
10000100 00100001 00000000 11000000 00100001     00001011 11
10000100 00100001 00000000 10000110 00010000     00001100 12
10000100 00100001 00000000 10000110 00000001     00001101 13
10000100 00100001 00000000 10000100 00110000     00001110 14
10000100 00100001 00000000 10000100 00100001     00001111 15
10000100 00100000 00011000 01000010 00010000     00010000 16
10000100 00100000 00011000 01000010 00000001     00010001 17
10000100 00100000 00011000 01000000 00110000     00010010 18
10000100 00100000 00011000 01000000 00100001     00010011 19
10000100 00100000 00011000 00000110 00010000     00010100 20
10000100 00100000 00011000 00000110 00000001     00010101 21
10000100 00100000 00011000 00000100 00110000     00010110 22
10000100 00100000 00011000 00000100 00100001     00010111 23
10000100 00100000 00010000 11000010 00010000     00011000 24
10000100 00100000 00010000 11000010 00000001     00011001 25
10000100 00100000 00010000 11000000 00110000     00011010 26
10000100 00100000 00010000 11000000 00100001     00011011 27
10000100 00100000 00010000 10000110 00010000     00011100 28
10000100 00100000 00010000 10000110 00000001     00011101 29
10000100 00100000 00010000 10000100 00110000     00011110 30
10000100 00100000 00010000 10000100 00100001     00011111 31
10000100 00000011 00001000 01000010 00010000     00100000 32
10000100 00000011 00001000 01000010 00000001     00100001 33
10000100 00000011 00001000 01000000 00110000     00100010 34
10000100 00000011 00001000 01000000 00100001     00100011 35
10000100 00000011 00001000 00000110 00010000     00100100 36
10000100 00000011 00001000 00000110 00000001     00100101 37
10000100 00000011 00001000 00000100 00110000     00100110 38
10000100 00000011 00001000 00000100 00100001     00100111 39
10000100 00000011 00000000 11000010 00010000     00101000 40
10000100 00000011 00000000 11000010 00000001     00101001 41
10000100 00000011 00000000 11000000 00110000     00101010 42
10000100 00000011 00000000 11000000 00100001     00101011 43
10000100 00000011 00000000 10000110 00010000     00101100 44
10000100 00000011 00000000 10000110 00000001     00101101 45
10000100 00000011 00000000 10000100 00110000     00101110 46
10000100 00000011 00000000 10000100 00100001     00101111 47
10000100 00000010 00011000 01000010 00010000     00110000 48
10000100 00000010 00011000 01000010 00000001     00110001 49
10000100 00000010 00011000 01000000 00110000     00110010 50
10000100 00000010 00011000 01000000 00100001     00110011 51
10000100 00000010 00011000 00000110 00010000     00110100 52
10000100 00000010 00011000 00000110 00000001     00110101 53
10000100 00000010 00011000 00000100 00110000     00110110 54
10000100 00000010 00011000 00000100 00100001     00110111 55
10000100 00000010 00010000 11000010 00010000     00111000 56
10000100 00000010 00010000 11000010 00000001     00111001 57
10000100 00000010 00010000 11000000 00110000     00111010 58
10000100 00000010 00010000 11000000 00100001     00111011 59
10000100 00000010 00010000 10000110 00010000     00111100 60
10000100 00000010 00010000 10000110 00000001     00111101 61
10000100 00000010 00010000 10000100 00110000     00111110 62
10000100 00000010 00010000 10000100 00100001     00111111 63
10000000 01100001 00001000 01000010 00010000     01000000 64
10000000 01100001 00001000 01000010 00000001     01000001 65
10000000 01100001 00001000 01000000 00110000     01000010 66
10000000 01100001 00001000 01000000 00100001     01000011 67
10000000 01100001 00001000 00000110 00010000     01000100 68
10000000 01100001 00001000 00000110 00000001     01000101 69
10000000 01100001 00001000 00000100 00110000     01000110 70
10000000 01100001 00001000 00000100 00100001     01000111 71
10000000 01100001 00000000 11000010 00010000     01001000 72
10000000 01100001 00000000 11000010 00000001     01001001 73
10000000 01100001 00000000 11000000 00110000     01001010 74
10000000 01100001 00000000 11000000 00100001     01001011 75
10000000 01100001 00000000 10000110 00010000     01001100 76
10000000 01100001 00000000 10000110 00000001     01001101 77
10000000 01100001 00000000 10000100 00110000     01001110 78
10000000 01100001 00000000 10000100 00100001     01001111 79
10000000 01100000 00011000 01000010 00010000     01010000 80
10000000 01100000 00011000 01000010 00000001     01010001 81
10000000 01100000 00011000 01000000 00110000     01010010 82
10000000 01100000 00011000 01000000 00100001     01010011 83
10000000 01100000 00011000 00000110 00010000     01010100 84
10000000 01100000 00011000 00000110 00000001     01010101 85
10000000 01100000 00011000 00000100 00110000     01010110 86
10000000 01100000 00011000 00000100 00100001     01010111 87
10000000 01100000 00010000 11000010 00010000     01011000 88
10000000 01100000 00010000 11000010 00000001     01011001 89
10000000 01100000 00010000 11000000 00110000     01011010 90
10000000 01100000 00010000 11000000 00100001     01011011 91
10000000 01100000 00010000 10000110 00010000     01011100 92
10000000 01100000 00010000 10000110 00000001     01011101 93
10000000 01100000 00010000 10000100 00110000     01011110 94
10000000 01100000 00010000 10000100 00100001     01011111 95
10000000 01000011 00001000 01000010 00010000     01100000 96
10000000 01000011 00001000 01000010 00000001     01100001 97
10000000 01000011 00001000 01000000 00110000     01100010 98
10000000 01000011 00001000 01000000 00100001     01100011 99
10000000 01000011 00001000 00000110 00010000     01100100 100
10000000 01000011 00001000 00000110 00000001     01100101 101
10000000 01000011 00001000 00000100 00110000     01100110 102
10000000 01000011 00001000 00000100 00100001     01100111 103
10000000 01000011 00000000 11000010 00010000     01101000 104
10000000 01000011 00000000 11000010 00000001     01101001 105
10000000 01000011 00000000 11000000 00110000     01101010 106
10000000 01000011 00000000 11000000 00100001     01101011 107
10000000 01000011 00000000 10000110 00010000     01101100 108
10000000 01000011 00000000 10000110 00000001     01101101 109
10000000 01000011 00000000 10000100 00110000     01101110 110
10000000 01000011 00000000 10000100 00100001     01101111 111
10000000 01000010 00011000 01000010 00010000     01110000 112
10000000 01000010 00011000 01000010 00000001     01110001 113
10000000 01000010 00011000 01000000 00110000     01110010 114
10000000 01000010 00011000 01000000 00100001     01110011 115
10000000 01000010 00011000 00000110 00010000     01110100 116
10000000 01000010 00011000 00000110 00000001     01110101 117
10000000 01000010 00011000 00000100 00110000     01110110 118
10000000 01000010 00011000 00000100 00100001     01110111 119
10000000 01000010 00010000 11000010 00010000     01111000 120
10000000 01000010 00010000 11000010 00000001     01111001 121
10000000 01000010 00010000 11000000 00110000     01111010 122
10000000 01000010 00010000 11000000 00100001     01111011 123
10000000 01000010 00010000 10000110 00010000     01111100 124
10000000 01000010 00010000 10000110 00000001     01111101 125
10000000 01000010 00010000 10000100 00110000     01111110 126
10000000 01000010 00010000 10000100 00100001     01111111 127
00001100 00100001 00001000 01000010 00010000     10000000 128
00001100 00100001 00001000 01000010 00000001     10000001 129
00001100 00100001 00001000 01000000 00110000     10000010 130
00001100 00100001 00001000 01000000 00100001     10000011 131
00001100 00100001 00001000 00000110 00010000     10000100 132
00001100 00100001 00001000 00000110 00000001     10000101 133
00001100 00100001 00001000 00000100 00110000     10000110 134
00001100 00100001 00001000 00000100 00100001     10000111 135
00001100 00100001 00000000 11000010 00010000     10001000 136
00001100 00100001 00000000 11000010 00000001     10001001 137
00001100 00100001 00000000 11000000 00110000     10001010 138
00001100 00100001 00000000 11000000 00100001     10001011 139
00001100 00100001 00000000 10000110 00010000     10001100 140
00001100 00100001 00000000 10000110 00000001     10001101 141
00001100 00100001 00000000 10000100 00110000     10001110 142
00001100 00100001 00000000 10000100 00100001     10001111 143
00001100 00100000 00011000 01000010 00010000     10010000 144
00001100 00100000 00011000 01000010 00000001     10010001 145
00001100 00100000 00011000 01000000 00110000     10010010 146
00001100 00100000 00011000 01000000 00100001     10010011 147
00001100 00100000 00011000 00000110 00010000     10010100 148
00001100 00100000 00011000 00000110 00000001     10010101 149
00001100 00100000 00011000 00000100 00110000     10010110 150
00001100 00100000 00011000 00000100 00100001     10010111 151
00001100 00100000 00010000 11000010 00010000     10011000 152
00001100 00100000 00010000 11000010 00000001     10011001 153
00001100 00100000 00010000 11000000 00110000     10011010 154
00001100 00100000 00010000 11000000 00100001     10011011 155
00001100 00100000 00010000 10000110 00010000     10011100 156
00001100 00100000 00010000 10000110 00000001     10011101 157
00001100 00100000 00010000 10000100 00110000     10011110 158
00001100 00100000 00010000 10000100 00100001     10011111 159
00001100 00000011 00001000 01000010 00010000     10100000 160
00001100 00000011 00001000 01000010 00000001     10100001 161
00001100 00000011 00001000 01000000 00110000     10100010 162
00001100 00000011 00001000 01000000 00100001     10100011 163
00001100 00000011 00001000 00000110 00010000     10100100 164
00001100 00000011 00001000 00000110 00000001     10100101 165
00001100 00000011 00001000 00000100 00110000     10100110 166
00001100 00000011 00001000 00000100 00100001     10100111 167
00001100 00000011 00000000 11000010 00010000     10101000 168
00001100 00000011 00000000 11000010 00000001     10101001 169
00001100 00000011 00000000 11000000 00110000     10101010 170
00001100 00000011 00000000 11000000 00100001     10101011 171
00001100 00000011 00000000 10000110 00010000     10101100 172
00001100 00000011 00000000 10000110 00000001     10101101 173
00001100 00000011 00000000 10000100 00110000     10101110 174
00001100 00000011 00000000 10000100 00100001     10101111 175
00001100 00000010 00011000 01000010 00010000     10110000 176
00001100 00000010 00011000 01000010 00000001     10110001 177
00001100 00000010 00011000 01000000 00110000     10110010 178
00001100 00000010 00011000 01000000 00100001     10110011 179
00001100 00000010 00011000 00000110 00010000     10110100 180
00001100 00000010 00011000 00000110 00000001     10110101 181
00001100 00000010 00011000 00000100 00110000     10110110 182
00001100 00000010 00011000 00000100 00100001     10110111 183
00001100 00000010 00010000 11000010 00010000     10111000 184
00001100 00000010 00010000 11000010 00000001     10111001 185
00001100 00000010 00010000 11000000 00110000     10111010 186
00001100 00000010 00010000 11000000 00100001     10111011 187
00001100 00000010 00010000 10000110 00010000     10111100 188
00001100 00000010 00010000 10000110 00000001     10111101 189
00001100 00000010 00010000 10000100 00110000     10111110 190
00001100 00000010 00010000 10000100 00100001     10111111 191
00001000 01100001 00001000 01000010 00010000     11000000 192
00001000 01100001 00001000 01000010 00000001     11000001 193
00001000 01100001 00001000 01000000 00110000     11000010 194
00001000 01100001 00001000 01000000 00100001     11000011 195
00001000 01100001 00001000 00000110 00010000     11000100 196
00001000 01100001 00001000 00000110 00000001     11000101 197
00001000 01100001 00001000 00000100 00110000     11000110 198
00001000 01100001 00001000 00000100 00100001     11000111 199
00001000 01100001 00000000 11000010 00010000     11001000 200
00001000 01100001 00000000 11000010 00000001     11001001 201
00001000 01100001 00000000 11000000 00110000     11001010 202
00001000 01100001 00000000 11000000 00100001     11001011 203
00001000 01100001 00000000 10000110 00010000     11001100 204
00001000 01100001 00000000 10000110 00000001     11001101 205
00001000 01100001 00000000 10000100 00110000     11001110 206
00001000 01100001 00000000 10000100 00100001     11001111 207
00001000 01100000 00011000 01000010 00010000     11010000 208
00001000 01100000 00011000 01000010 00000001     11010001 209
00001000 01100000 00011000 01000000 00110000     11010010 210
00001000 01100000 00011000 01000000 00100001     11010011 211
00001000 01100000 00011000 00000110 00010000     11010100 212
00001000 01100000 00011000 00000110 00000001     11010101 213
00001000 01100000 00011000 00000100 00110000     11010110 214
00001000 01100000 00011000 00000100 00100001     11010111 215
00001000 01100000 00010000 11000010 00010000     11011000 216
00001000 01100000 00010000 11000010 00000001     11011001 217
00001000 01100000 00010000 11000000 00110000     11011010 218
00001000 01100000 00010000 11000000 00100001     11011011 219
00001000 01100000 00010000 10000110 00010000     11011100 220
00001000 01100000 00010000 10000110 00000001     11011101 221
00001000 01100000 00010000 10000100 00110000     11011110 222
00001000 01100000 00010000 10000100 00100001     11011111 223
00001000 01000011 00001000 01000010 00010000     11100000 224
00001000 01000011 00001000 01000010 00000001     11100001 225
00001000 01000011 00001000 01000000 00110000     11100010 226
00001000 01000011 00001000 01000000 00100001     11100011 227
00001000 01000011 00001000 00000110 00010000     11100100 228
00001000 01000011 00001000 00000110 00000001     11100101 229
00001000 01000011 00001000 00000100 00110000     11100110 230
00001000 01000011 00001000 00000100 00100001     11100111 231
00001000 01000011 00000000 11000010 00010000     11101000 232
00001000 01000011 00000000 11000010 00000001     11101001 233
00001000 01000011 00000000 11000000 00110000     11101010 234
00001000 01000011 00000000 11000000 00100001     11101011 235
00001000 01000011 00000000 10000110 00010000     11101100 236
00001000 01000011 00000000 10000110 00000001     11101101 237
00001000 01000011 00000000 10000100 00110000     11101110 238
00001000 01000011 00000000 10000100 00100001     11101111 239
00001000 01000010 00011000 01000010 00010000     11110000 240
00001000 01000010 00011000 01000010 00000001     11110001 241
00001000 01000010 00011000 01000000 00110000     11110010 242
00001000 01000010 00011000 01000000 00100001     11110011 243
00001000 01000010 00011000 00000110 00010000     11110100 244
00001000 01000010 00011000 00000110 00000001     11110101 245
00001000 01000010 00011000 00000100 00110000     11110110 246
00001000 01000010 00011000 00000100 00100001     11110111 247
00001000 01000010 00010000 11000010 00010000     11111000 248
00001000 01000010 00010000 11000010 00000001     11111001 249
00001000 01000010 00010000 11000000 00110000     11111010 250
00001000 01000010 00010000 11000000 00100001     11111011 251
00001000 01000010 00010000 10000110 00010000     11111100 252
00001000 01000010 00010000 10000110 00000001     11111101 253
00001000 01000010 00010000 10000100 00110000     11111110 254
00001000 01000010 00010000 10000100 00100001     11111111 255
