00001000 01000010 00010000 10000100 00100001     00000000 0
00001000 01000010 00010000 10000100 00110000     00000001 1
00001000 01000010 00010000 10000110 00000001     00000010 2
00001000 01000010 00010000 10000110 00010000     00000011 3
00001000 01000010 00010000 11000000 00100001     00000100 4
00001000 01000010 00010000 11000000 00110000     00000101 5
00001000 01000010 00010000 11000010 00000001     00000110 6
00001000 01000010 00010000 11000010 00010000     00000111 7
00001000 01000010 00011000 00000100 00100001     00001000 8
00001000 01000010 00011000 00000100 00110000     00001001 9
00001000 01000010 00011000 00000110 00000001     00001010 10
00001000 01000010 00011000 00000110 00010000     00001011 11
00001000 01000010 00011000 01000000 00100001     00001100 12
00001000 01000010 00011000 01000000 00110000     00001101 13
00001000 01000010 00011000 01000010 00000001     00001110 14
00001000 01000010 00011000 01000010 00010000     00001111 15
00001000 01000011 00000000 10000100 00100001     00010000 16
00001000 01000011 00000000 10000100 00110000     00010001 17
00001000 01000011 00000000 10000110 00000001     00010010 18
00001000 01000011 00000000 10000110 00010000     00010011 19
00001000 01000011 00000000 11000000 00100001     00010100 20
00001000 01000011 00000000 11000000 00110000     00010101 21
00001000 01000011 00000000 11000010 00000001     00010110 22
00001000 01000011 00000000 11000010 00010000     00010111 23
00001000 01000011 00001000 00000100 00100001     00011000 24
00001000 01000011 00001000 00000100 00110000     00011001 25
00001000 01000011 00001000 00000110 00000001     00011010 26
00001000 01000011 00001000 00000110 00010000     00011011 27
00001000 01000011 00001000 01000000 00100001     00011100 28
00001000 01000011 00001000 01000000 00110000     00011101 29
00001000 01000011 00001000 01000010 00000001     00011110 30
00001000 01000011 00001000 01000010 00010000     00011111 31
00001000 01100000 00010000 10000100 00100001     00100000 32
00001000 01100000 00010000 10000100 00110000     00100001 33
00001000 01100000 00010000 10000110 00000001     00100010 34
00001000 01100000 00010000 10000110 00010000     00100011 35
00001000 01100000 00010000 11000000 00100001     00100100 36
00001000 01100000 00010000 11000000 00110000     00100101 37
00001000 01100000 00010000 11000010 00000001     00100110 38
00001000 01100000 00010000 11000010 00010000     00100111 39
00001000 01100000 00011000 00000100 00100001     00101000 40
00001000 01100000 00011000 00000100 00110000     00101001 41
00001000 01100000 00011000 00000110 00000001     00101010 42
00001000 01100000 00011000 00000110 00010000     00101011 43
00001000 01100000 00011000 01000000 00100001     00101100 44
00001000 01100000 00011000 01000000 00110000     00101101 45
00001000 01100000 00011000 01000010 00000001     00101110 46
00001000 01100000 00011000 01000010 00010000     00101111 47
00001000 01100001 00000000 10000100 00100001     00110000 48
00001000 01100001 00000000 10000100 00110000     00110001 49
00001000 01100001 00000000 10000110 00000001     00110010 50
00001000 01100001 00000000 10000110 00010000     00110011 51
00001000 01100001 00000000 11000000 00100001     00110100 52
00001000 01100001 00000000 11000000 00110000     00110101 53
00001000 01100001 00000000 11000010 00000001     00110110 54
00001000 01100001 00000000 11000010 00010000     00110111 55
00001000 01100001 00001000 00000100 00100001     00111000 56
00001000 01100001 00001000 00000100 00110000     00111001 57
00001000 01100001 00001000 00000110 00000001     00111010 58
00001000 01100001 00001000 00000110 00010000     00111011 59
00001000 01100001 00001000 01000000 00100001     00111100 60
00001000 01100001 00001000 01000000 00110000     00111101 61
00001000 01100001 00001000 01000010 00000001     00111110 62
00001000 01100001 00001000 01000010 00010000     00111111 63
00001100 00000010 00010000 10000100 00100001     01000000 64
00001100 00000010 00010000 10000100 00110000     01000001 65
00001100 00000010 00010000 10000110 00000001     01000010 66
00001100 00000010 00010000 10000110 00010000     01000011 67
00001100 00000010 00010000 11000000 00100001     01000100 68
00001100 00000010 00010000 11000000 00110000     01000101 69
00001100 00000010 00010000 11000010 00000001     01000110 70
00001100 00000010 00010000 11000010 00010000     01000111 71
00001100 00000010 00011000 00000100 00100001     01001000 72
00001100 00000010 00011000 00000100 00110000     01001001 73
00001100 00000010 00011000 00000110 00000001     01001010 74
00001100 00000010 00011000 00000110 00010000     01001011 75
00001100 00000010 00011000 01000000 00100001     01001100 76
00001100 00000010 00011000 01000000 00110000     01001101 77
00001100 00000010 00011000 01000010 00000001     01001110 78
00001100 00000010 00011000 01000010 00010000     01001111 79
00001100 00000011 00000000 10000100 00100001     01010000 80
00001100 00000011 00000000 10000100 00110000     01010001 81
00001100 00000011 00000000 10000110 00000001     01010010 82
00001100 00000011 00000000 10000110 00010000     01010011 83
00001100 00000011 00000000 11000000 00100001     01010100 84
00001100 00000011 00000000 11000000 00110000     01010101 85
00001100 00000011 00000000 11000010 00000001     01010110 86
00001100 00000011 00000000 11000010 00010000     01010111 87
00001100 00000011 00001000 00000100 00100001     01011000 88
00001100 00000011 00001000 00000100 00110000     01011001 89
00001100 00000011 00001000 00000110 00000001     01011010 90
00001100 00000011 00001000 00000110 00010000     01011011 91
00001100 00000011 00001000 01000000 00100001     01011100 92
00001100 00000011 00001000 01000000 00110000     01011101 93
00001100 00000011 00001000 01000010 00000001     01011110 94
00001100 00000011 00001000 01000010 00010000     01011111 95
00001100 00100000 00010000 10000100 00100001     01100000 96
00001100 00100000 00010000 10000100 00110000     01100001 97
00001100 00100000 00010000 10000110 00000001     01100010 98
00001100 00100000 00010000 10000110 00010000     01100011 99
00001100 00100000 00010000 11000000 00100001     01100100 100
00001100 00100000 00010000 11000000 00110000     01100101 101
00001100 00100000 00010000 11000010 00000001     01100110 102
00001100 00100000 00010000 11000010 00010000     01100111 103
00001100 00100000 00011000 00000100 00100001     01101000 104
00001100 00100000 00011000 00000100 00110000     01101001 105
00001100 00100000 00011000 00000110 00000001     01101010 106
00001100 00100000 00011000 00000110 00010000     01101011 107
00001100 00100000 00011000 01000000 00100001     01101100 108
00001100 00100000 00011000 01000000 00110000     01101101 109
00001100 00100000 00011000 01000010 00000001     01101110 110
00001100 00100000 00011000 01000010 00010000     01101111 111
00001100 00100001 00000000 10000100 00100001     01110000 112
00001100 00100001 00000000 10000100 00110000     01110001 113
00001100 00100001 00000000 10000110 00000001     01110010 114
00001100 00100001 00000000 10000110 00010000     01110011 115
00001100 00100001 00000000 11000000 00100001     01110100 116
00001100 00100001 00000000 11000000 00110000     01110101 117
00001100 00100001 00000000 11000010 00000001     01110110 118
00001100 00100001 00000000 11000010 00010000     01110111 119
00001100 00100001 00001000 00000100 00100001     01111000 120
00001100 00100001 00001000 00000100 00110000     01111001 121
00001100 00100001 00001000 00000110 00000001     01111010 122
00001100 00100001 00001000 00000110 00010000     01111011 123
00001100 00100001 00001000 01000000 00100001     01111100 124
00001100 00100001 00001000 01000000 00110000     01111101 125
00001100 00100001 00001000 01000010 00000001     01111110 126
00001100 00100001 00001000 01000010 00010000     01111111 127
10000000 01000010 00010000 10000100 00100001     10000000 128
10000000 01000010 00010000 10000100 00110000     10000001 129
10000000 01000010 00010000 10000110 00000001     10000010 130
10000000 01000010 00010000 10000110 00010000     10000011 131
10000000 01000010 00010000 11000000 00100001     10000100 132
10000000 01000010 00010000 11000000 00110000     10000101 133
10000000 01000010 00010000 11000010 00000001     10000110 134
10000000 01000010 00010000 11000010 00010000     10000111 135
10000000 01000010 00011000 00000100 00100001     10001000 136
10000000 01000010 00011000 00000100 00110000     10001001 137
10000000 01000010 00011000 00000110 00000001     10001010 138
10000000 01000010 00011000 00000110 00010000     10001011 139
10000000 01000010 00011000 01000000 00100001     10001100 140
10000000 01000010 00011000 01000000 00110000     10001101 141
10000000 01000010 00011000 01000010 00000001     10001110 142
10000000 01000010 00011000 01000010 00010000     10001111 143
10000000 01000011 00000000 10000100 00100001     10010000 144
10000000 01000011 00000000 10000100 00110000     10010001 145
10000000 01000011 00000000 10000110 00000001     10010010 146
10000000 01000011 00000000 10000110 00010000     10010011 147
10000000 01000011 00000000 11000000 00100001     10010100 148
10000000 01000011 00000000 11000000 00110000     10010101 149
10000000 01000011 00000000 11000010 00000001     10010110 150
10000000 01000011 00000000 11000010 00010000     10010111 151
10000000 01000011 00001000 00000100 00100001     10011000 152
10000000 01000011 00001000 00000100 00110000     10011001 153
10000000 01000011 00001000 00000110 00000001     10011010 154
10000000 01000011 00001000 00000110 00010000     10011011 155
10000000 01000011 00001000 01000000 00100001     10011100 156
10000000 01000011 00001000 01000000 00110000     10011101 157
10000000 01000011 00001000 01000010 00000001     10011110 158
10000000 01000011 00001000 01000010 00010000     10011111 159
10000000 01100000 00010000 10000100 00100001     10100000 160
10000000 01100000 00010000 10000100 00110000     10100001 161
10000000 01100000 00010000 10000110 00000001     10100010 162
10000000 01100000 00010000 10000110 00010000     10100011 163
10000000 01100000 00010000 11000000 00100001     10100100 164
10000000 01100000 00010000 11000000 00110000     10100101 165
10000000 01100000 00010000 11000010 00000001     10100110 166
10000000 01100000 00010000 11000010 00010000     10100111 167
10000000 01100000 00011000 00000100 00100001     10101000 168
10000000 01100000 00011000 00000100 00110000     10101001 169
10000000 01100000 00011000 00000110 00000001     10101010 170
10000000 01100000 00011000 00000110 00010000     10101011 171
10000000 01100000 00011000 01000000 00100001     10101100 172
10000000 01100000 00011000 01000000 00110000     10101101 173
10000000 01100000 00011000 01000010 00000001     10101110 174
10000000 01100000 00011000 01000010 00010000     10101111 175
10000000 01100001 00000000 10000100 00100001     10110000 176
10000000 01100001 00000000 10000100 00110000     10110001 177
10000000 01100001 00000000 10000110 00000001     10110010 178
10000000 01100001 00000000 10000110 00010000     10110011 179
10000000 01100001 00000000 11000000 00100001     10110100 180
10000000 01100001 00000000 11000000 00110000     10110101 181
10000000 01100001 00000000 11000010 00000001     10110110 182
10000000 01100001 00000000 11000010 00010000     10110111 183
10000000 01100001 00001000 00000100 00100001     10111000 184
10000000 01100001 00001000 00000100 00110000     10111001 185
10000000 01100001 00001000 00000110 00000001     10111010 186
10000000 01100001 00001000 00000110 00010000     10111011 187
10000000 01100001 00001000 01000000 00100001     10111100 188
10000000 01100001 00001000 01000000 00110000     10111101 189
10000000 01100001 00001000 01000010 00000001     10111110 190
10000000 01100001 00001000 01000010 00010000     10111111 191
10000100 00000010 00010000 10000100 00100001     11000000 192
10000100 00000010 00010000 10000100 00110000     11000001 193
10000100 00000010 00010000 10000110 00000001     11000010 194
10000100 00000010 00010000 10000110 00010000     11000011 195
10000100 00000010 00010000 11000000 00100001     11000100 196
10000100 00000010 00010000 11000000 00110000     11000101 197
10000100 00000010 00010000 11000010 00000001     11000110 198
10000100 00000010 00010000 11000010 00010000     11000111 199
10000100 00000010 00011000 00000100 00100001     11001000 200
10000100 00000010 00011000 00000100 00110000     11001001 201
10000100 00000010 00011000 00000110 00000001     11001010 202
10000100 00000010 00011000 00000110 00010000     11001011 203
10000100 00000010 00011000 01000000 00100001     11001100 204
10000100 00000010 00011000 01000000 00110000     11001101 205
10000100 00000010 00011000 01000010 00000001     11001110 206
10000100 00000010 00011000 01000010 00010000     11001111 207
10000100 00000011 00000000 10000100 00100001     11010000 208
10000100 00000011 00000000 10000100 00110000     11010001 209
10000100 00000011 00000000 10000110 00000001     11010010 210
10000100 00000011 00000000 10000110 00010000     11010011 211
10000100 00000011 00000000 11000000 00100001     11010100 212
10000100 00000011 00000000 11000000 00110000     11010101 213
10000100 00000011 00000000 11000010 00000001     11010110 214
10000100 00000011 00000000 11000010 00010000     11010111 215
10000100 00000011 00001000 00000100 00100001     11011000 216
10000100 00000011 00001000 00000100 00110000     11011001 217
10000100 00000011 00001000 00000110 00000001     11011010 218
10000100 00000011 00001000 00000110 00010000     11011011 219
10000100 00000011 00001000 01000000 00100001     11011100 220
10000100 00000011 00001000 01000000 00110000     11011101 221
10000100 00000011 00001000 01000010 00000001     11011110 222
10000100 00000011 00001000 01000010 00010000     11011111 223
10000100 00100000 00010000 10000100 00100001     11100000 224
10000100 00100000 00010000 10000100 00110000     11100001 225
10000100 00100000 00010000 10000110 00000001     11100010 226
10000100 00100000 00010000 10000110 00010000     11100011 227
10000100 00100000 00010000 11000000 00100001     11100100 228
10000100 00100000 00010000 11000000 00110000     11100101 229
10000100 00100000 00010000 11000010 00000001     11100110 230
10000100 00100000 00010000 11000010 00010000     11100111 231
10000100 00100000 00011000 00000100 00100001     11101000 232
10000100 00100000 00011000 00000100 00110000     11101001 233
10000100 00100000 00011000 00000110 00000001     11101010 234
10000100 00100000 00011000 00000110 00010000     11101011 235
10000100 00100000 00011000 01000000 00100001     11101100 236
10000100 00100000 00011000 01000000 00110000     11101101 237
10000100 00100000 00011000 01000010 00000001     11101110 238
10000100 00100000 00011000 01000010 00010000     11101111 239
10000100 00100001 00000000 10000100 00100001     11110000 240
10000100 00100001 00000000 10000100 00110000     11110001 241
10000100 00100001 00000000 10000110 00000001     11110010 242
10000100 00100001 00000000 10000110 00010000     11110011 243
10000100 00100001 00000000 11000000 00100001     11110100 244
10000100 00100001 00000000 11000000 00110000     11110101 245
10000100 00100001 00000000 11000010 00000001     11110110 246
10000100 00100001 00000000 11000010 00010000     11110111 247
10000100 00100001 00001000 00000100 00100001     11111000 248
10000100 00100001 00001000 00000100 00110000     11111001 249
10000100 00100001 00001000 00000110 00000001     11111010 250
10000100 00100001 00001000 00000110 00010000     11111011 251
10000100 00100001 00001000 01000000 00100001     11111100 252
10000100 00100001 00001000 01000000 00110000     11111101 253
10000100 00100001 00001000 01000010 00000001     11111110 254
10000100 00100001 00001000 01000010 00010000     11111111 255
